3.999999804443401933e-04 -2.000000000000000000e+00 1.129515933680154793e+00
3.999999804443401933e-04 -1.903089986991943539e+00 1.129635190452572990e+00
3.999999804443401933e-04 -1.602059991327962285e+00 1.130126136786277824e+00
3.999999804443401933e-04 -1.301029995663981254e+00 1.130707472810190017e+00
3.999999804443401933e-04 -1.124938736608299905e+00 1.130911179720207604e+00
3.999999804443401933e-04 -1.000000000000000000e+00 1.130847014694829955e+00
3.999999804443401933e-04 -9.030899869919435385e-01 1.130584019085399294e+00
3.999999804443401933e-04 -6.989700043360187465e-01 1.129016012381587553e+00
3.999999804443401933e-04 -6.020599913279623960e-01 1.127573252375071000e+00
3.999999804443401933e-04 -5.228787452803376201e-01 1.125954404980371359e+00
3.999999804443401933e-04 -4.590451910738672647e-01 1.124231846804362611e+00
3.999999804443401933e-04 -3.979400086720376040e-01 1.122453565206069870e+00
3.999999804443401933e-04 -3.467874862246563827e-01 1.120652030655526765e+00
3.999999804443401933e-04 -3.010299956639811980e-01 1.118849614162157557e+00
3.999999804443401933e-04 -2.596373105057561137e-01 1.117061817005456703e+00
3.999999804443401933e-04 -2.218487496163563943e-01 1.115299363837536584e+00
3.999999804443401933e-04 -1.870866433571444221e-01 1.113569611189195285e+00
3.999999804443401933e-04 -1.564557880543648305e-01 1.111877504399153338e+00
3.999999804443401933e-04 -1.249387366082999468e-01 1.110226245241120901e+00
3.999999804443401933e-04 -4.575749056067517084e-02 1.105532482106364123e+00
3.999999804443401933e-04 0.000000000000000000e+00 1.102622574121561394e+00
3.999999804443401933e-04 9.691001300805641983e-02 1.096074270129127060e+00
3.999999804443401933e-04 1.760912590556812374e-01 1.090446938803613763e+00
3.999999804443401933e-04 2.430380486862944445e-01 1.085589112204500051e+00
3.999999804443401933e-04 3.010299956639811980e-01 1.081367520083547085e+00
3.834481846726692060e-03 -2.000000000000000000e+00 1.104405916709585878e+00
3.834481846726692060e-03 -1.903089986991943539e+00 1.104498908440595617e+00
3.834481846726692060e-03 -1.602059991327962285e+00 1.104850130313764334e+00
3.834481846726692060e-03 -1.301029995663981254e+00 1.105162529363105106e+00
3.834481846726692060e-03 -1.124938736608299905e+00 1.105154669395872258e+00
3.834481846726692060e-03 -1.000000000000000000e+00 1.104950525107431414e+00
3.834481846726692060e-03 -9.030899869919435385e-01 1.104618417495520477e+00
3.834481846726692060e-03 -6.989700043360187465e-01 1.103200231098575568e+00
3.834481846726692060e-03 -6.020599913279623960e-01 1.102075850611788921e+00
3.834481846726692060e-03 -5.228787452803376201e-01 1.100886218397994165e+00
3.834481846726692060e-03 -4.590451910738672647e-01 1.099663048368263452e+00
3.834481846726692060e-03 -3.979400086720376040e-01 1.098425031248575268e+00
3.834481846726692060e-03 -3.467874862246563827e-01 1.097183542882693041e+00
3.834481846726692060e-03 -3.010299956639811980e-01 1.095946354835187986e+00
3.834481846726692060e-03 -2.596373105057561137e-01 1.094718959967244665e+00
3.834481846726692060e-03 -2.218487496163563943e-01 1.093505357316356896e+00
3.834481846726692060e-03 -1.870866433571444221e-01 1.092308527375324578e+00
3.834481846726692060e-03 -1.564557880543648305e-01 1.091130707844267356e+00
3.834481846726692060e-03 -1.249387366082999468e-01 1.089973571207220715e+00
3.834481846726692060e-03 -4.575749056067517084e-02 1.086636854828844312e+00
3.834481846726692060e-03 0.000000000000000000e+00 1.084530117360322121e+00
3.834481846726692060e-03 9.691001300805641983e-02 1.079678160478568349e+00
3.834481846726692060e-03 1.760912590556812374e-01 1.075387474541035671e+00
3.834481846726692060e-03 2.430380486862944445e-01 1.071598487192925830e+00
3.834481846726692060e-03 3.010299956639811980e-01 1.068246916936052449e+00
7.268965941178247812e-03 -2.000000000000000000e+00 1.102514990004588080e+00
7.268965941178247812e-03 -1.903089986991943539e+00 1.102593767408066361e+00
7.268965941178247812e-03 -1.602059991327962285e+00 1.102878821185350411e+00
7.268965941178247812e-03 -1.301029995663981254e+00 1.103092913516103168e+00
7.268965941178247812e-03 -1.124938736608299905e+00 1.103028441496938017e+00
7.268965941178247812e-03 -1.000000000000000000e+00 1.102798598557505061e+00
7.268965941178247812e-03 -9.030899869919435385e-01 1.102462798136638833e+00
7.268965941178247812e-03 -6.989700043360187465e-01 1.101111138170344228e+00
7.268965941178247812e-03 -6.020599913279623960e-01 1.100064691058843191e+00
7.268965941178247812e-03 -5.228787452803376201e-01 1.098963931415015471e+00
7.268965941178247812e-03 -4.590451910738672647e-01 1.097833542761395886e+00
7.268965941178247812e-03 -3.979400086720376040e-01 1.096688347395455176e+00
7.268965941178247812e-03 -3.467874862246563827e-01 1.095537500658315455e+00
7.268965941178247812e-03 -3.010299956639811980e-01 1.094387652025594848e+00
7.268965941178247812e-03 -2.596373105057561137e-01 1.093243784279886111e+00
7.268965941178247812e-03 -2.218487496163563943e-01 1.092109744529600857e+00
7.268965941178247812e-03 -1.870866433571444221e-01 1.090988569961194532e+00
7.268965941178247812e-03 -1.564557880543648305e-01 1.089882671006874082e+00
7.268965941178247812e-03 -1.249387366082999468e-01 1.088793952692395317e+00
7.268965941178247812e-03 -4.575749056067517084e-02 1.085644076852478213e+00
7.268965941178247812e-03 0.000000000000000000e+00 1.083649077182224030e+00
7.268965941178247812e-03 9.691001300805641983e-02 1.079043858322104477e+00
7.268965941178247812e-03 1.760912590556812374e-01 1.074968349192927608e+00
7.268965941178247812e-03 2.430380486862944445e-01 1.071375269510870920e+00
7.268965941178247812e-03 3.010299956639811980e-01 1.068207576491143174e+00
1.070344685253094182e-02 -2.000000000000000000e+00 1.102040869856719452e+00
1.070344685253094182e-02 -1.903089986991943539e+00 1.102113351046747347e+00
1.070344685253094182e-02 -1.602059991327962285e+00 1.102370077538708193e+00
1.070344685253094182e-02 -1.301029995663981254e+00 1.102545027787947163e+00
1.070344685253094182e-02 -1.124938736608299905e+00 1.102460448737878629e+00
1.070344685253094182e-02 -1.000000000000000000e+00 1.102223370652617662e+00
1.070344685253094182e-02 -9.030899869919435385e-01 1.101888834423357721e+00
1.070344685253094182e-02 -6.989700043360187465e-01 1.100568473903835720e+00
1.070344685253094182e-02 -6.020599913279623960e-01 1.099554043842778883e+00
1.070344685253094182e-02 -5.228787452803376201e-01 1.098488907427227490e+00
1.070344685253094182e-02 -4.590451910738672647e-01 1.097395655036852435e+00
1.070344685253094182e-02 -3.979400086720376040e-01 1.096288036260675058e+00
1.070344685253094182e-02 -3.467874862246563827e-01 1.095174612431069061e+00
1.070344685253094182e-02 -3.010299956639811980e-01 1.094061744037553296e+00
1.070344685253094182e-02 -2.596373105057561137e-01 1.092954282126049836e+00
1.070344685253094182e-02 -2.218487496163563943e-01 1.091856029265906525e+00
1.070344685253094182e-02 -1.870866433571444221e-01 1.090770026230958534e+00
1.070344685253094182e-02 -1.564557880543648305e-01 1.089698711991331725e+00
1.070344685253094182e-02 -1.249387366082999468e-01 1.088644031570996207e+00
1.070344685253094182e-02 -4.575749056067517084e-02 1.085593418001469246e+00
1.070344685253094182e-02 0.000000000000000000e+00 1.083662596034201897e+00
1.070344685253094182e-02 9.691001300805641983e-02 1.079212255112680596e+00
1.070344685253094182e-02 1.760912590556812374e-01 1.075284356203646485e+00
1.070344685253094182e-02 2.430380486862944445e-01 1.071830613467082527e+00
1.070344685253094182e-02 3.010299956639811980e-01 1.068791505619177906e+00
1.413793094698249757e-02 -2.000000000000000000e+00 1.101863952470422126e+00
1.413793094698249757e-02 -1.903089986991943539e+00 1.101933644074122975e+00
1.413793094698249757e-02 -1.602059991327962285e+00 1.102178065654811467e+00
1.413793094698249757e-02 -1.301029995663981254e+00 1.102337112811559550e+00
1.413793094698249757e-02 -1.124938736608299905e+00 1.102245876996682750e+00
1.413793094698249757e-02 -1.000000000000000000e+00 1.102008327651518016e+00
1.413793094698249757e-02 -9.030899869919435385e-01 1.101677399922572409e+00
1.413793094698249757e-02 -6.989700043360187465e-01 1.100381330615618491e+00
1.413793094698249757e-02 -6.020599913279623960e-01 1.099388934506613458e+00
1.413793094698249757e-02 -5.228787452803376201e-01 1.098348107699728349e+00
1.413793094698249757e-02 -4.590451910738672647e-01 1.097280476710993158e+00
1.413793094698249757e-02 -3.979400086720376040e-01 1.096199258943725496e+00
1.413793094698249757e-02 -3.467874862246563827e-01 1.095112681562267598e+00
1.413793094698249757e-02 -3.010299956639811980e-01 1.094026896478403676e+00
1.413793094698249757e-02 -2.596373105057561137e-01 1.092946611329202788e+00
1.413793094698249757e-02 -2.218487496163563943e-01 1.091875522714844671e+00
1.413793094698249757e-02 -1.870866433571444221e-01 1.090816587313641506e+00
1.413793094698249757e-02 -1.564557880543648305e-01 1.089772172567024633e+00
1.413793094698249757e-02 -1.249387366082999468e-01 1.088744158967889231e+00
1.413793094698249757e-02 -4.575749056067517084e-02 1.085771547261676240e+00
1.413793094698249757e-02 0.000000000000000000e+00 1.083890466906090255e+00
1.413793094698249757e-02 9.691001300805641983e-02 1.079552971652866677e+00
1.413793094698249757e-02 1.760912590556812374e-01 1.075714884141106387e+00
1.413793094698249757e-02 2.430380486862944445e-01 1.072319269688469801e+00
1.413793094698249757e-02 3.010299956639811980e-01 1.069297884186935610e+00
1.757241504143405159e-02 -2.000000000000000000e+00 1.101783625697379865e+00
1.757241504143405159e-02 -1.903089986991943539e+00 1.101852068342640267e+00
1.757241504143405159e-02 -1.602059991327962285e+00 1.102091159983098034e+00
1.757241504143405159e-02 -1.301029995663981254e+00 1.102244333887201444e+00
1.757241504143405159e-02 -1.124938736608299905e+00 1.102152323949750379e+00
1.757241504143405159e-02 -1.000000000000000000e+00 1.101917462585570329e+00
1.757241504143405159e-02 -9.030899869919435385e-01 1.101591559343567894e+00
1.757241504143405159e-02 -6.989700043360187465e-01 1.100318660320008579e+00
1.757241504143405159e-02 -6.020599913279623960e-01 1.099345500427435507e+00
1.757241504143405159e-02 -5.228787452803376201e-01 1.098325544079599148e+00
1.757241504143405159e-02 -4.590451910738672647e-01 1.097279776342125812e+00
1.757241504143405159e-02 -3.979400086720376040e-01 1.096220990730038869e+00
1.757241504143405159e-02 -3.467874862246563827e-01 1.095157093077781418e+00
1.757241504143405159e-02 -3.010299956639811980e-01 1.094093980615544748e+00
1.757241504143405159e-02 -2.596373105057561137e-01 1.093036143677228456e+00
1.757241504143405159e-02 -2.218487496163563943e-01 1.091987085605873098e+00
1.757241504143405159e-02 -1.870866433571444221e-01 1.090949585967584845e+00
1.757241504143405159e-02 -1.564557880543648305e-01 1.089925846316748714e+00
1.757241504143405159e-02 -1.249387366082999468e-01 1.088917589328919133e+00
1.757241504143405159e-02 -4.575749056067517084e-02 1.085997240673347797e+00
1.757241504143405159e-02 0.000000000000000000e+00 1.084143734734045017e+00
1.757241504143405159e-02 9.691001300805641983e-02 1.079841861929537350e+00
1.757241504143405159e-02 1.760912590556812374e-01 1.075979344421606365e+00
1.757241504143405159e-02 2.430380486862944445e-01 1.072485576670849872e+00
1.757241504143405159e-02 3.010299956639811980e-01 1.069281726335536531e+00
2.100689595278674646e-02 -2.000000000000000000e+00 1.101743601510228654e+00
2.100689595278674646e-02 -1.903089986991943539e+00 1.101811544004121846e+00
2.100689595278674646e-02 -1.602059991327962285e+00 1.102048698146498751e+00
2.100689595278674646e-02 -1.301029995663981254e+00 1.102200892190703163e+00
2.100689595278674646e-02 -1.124938736608299905e+00 1.102111013082155200e+00
2.100689595278674646e-02 -1.000000000000000000e+00 1.101880439026560410e+00
2.100689595278674646e-02 -9.030899869919435385e-01 1.101560311300707751e+00
2.100689595278674646e-02 -6.989700043360187465e-01 1.100310016618471831e+00
2.100689595278674646e-02 -6.020599913279623960e-01 1.099354360424088961e+00
2.100689595278674646e-02 -5.228787452803376201e-01 1.098352796021739852e+00
2.100689595278674646e-02 -4.590451910738672647e-01 1.097325716857566302e+00
2.100689595278674646e-02 -3.979400086720376040e-01 1.096285451207591688e+00
2.100689595278674646e-02 -3.467874862246563827e-01 1.095239505649261869e+00
2.100689595278674646e-02 -3.010299956639811980e-01 1.094193424121640890e+00
2.100689595278674646e-02 -2.596373105057561137e-01 1.093151374139108123e+00
2.100689595278674646e-02 -2.218487496163563943e-01 1.092116559614373594e+00
2.100689595278674646e-02 -1.870866433571444221e-01 1.091091479433319078e+00
2.100689595278674646e-02 -1.564557880543648305e-01 1.090078070215757755e+00
2.100689595278674646e-02 -1.249387366082999468e-01 1.089077803412626277e+00
2.100689595278674646e-02 -4.575749056067517084e-02 1.086165051994908426e+00
2.100689595278674646e-02 0.000000000000000000e+00 1.084300828407261497e+00
2.100689595278674646e-02 9.691001300805641983e-02 1.079906205499244098e+00
2.100689595278674646e-02 1.760912590556812374e-01 1.075842833361514872e+00
2.100689595278674646e-02 2.430380486862944445e-01 1.072030169655558307e+00
2.100689595278674646e-02 3.010299956639811980e-01 1.068389360567996826e+00
2.444138004723830221e-02 -2.000000000000000000e+00 1.101723028493849288e+00
2.444138004723830221e-02 -1.903089986991943539e+00 1.101790862038577012e+00
2.444138004723830221e-02 -1.602059991327962285e+00 1.102027860782760937e+00
2.444138004723830221e-02 -1.301029995663981254e+00 1.102181621629698904e+00
2.444138004723830221e-02 -1.124938736608299905e+00 1.102095309984648663e+00
2.444138004723830221e-02 -1.000000000000000000e+00 1.101869696758453365e+00
2.444138004723830221e-02 -9.030899869919435385e-01 1.101555482678801878e+00
2.444138004723830221e-02 -6.989700043360187465e-01 1.100326041305998537e+00
2.444138004723830221e-02 -6.020599913279623960e-01 1.099385289862394810e+00
2.444138004723830221e-02 -5.228787452803376201e-01 1.098398418549348943e+00
2.444138004723830221e-02 -4.590451910738672647e-01 1.097385152218149029e+00
2.444138004723830221e-02 -3.979400086720376040e-01 1.096357238696864966e+00
2.444138004723830221e-02 -3.467874862246563827e-01 1.095321661135178148e+00
2.444138004723830221e-02 -3.010299956639811980e-01 1.094283484998424871e+00
2.444138004723830221e-02 -2.596373105057561137e-01 1.093246436114809539e+00
2.444138004723830221e-02 -2.218487496163563943e-01 1.092213309867354099e+00
2.444138004723830221e-02 -1.870866433571444221e-01 1.091186227042716617e+00
2.444138004723830221e-02 -1.564557880543648305e-01 1.090166774891766721e+00
2.444138004723830221e-02 -1.249387366082999468e-01 1.089156103144438115e+00
2.444138004723830221e-02 -4.575749056067517084e-02 1.086183152736472035e+00
2.444138004723830221e-02 0.000000000000000000e+00 1.084252304506252651e+00
2.444138004723830221e-02 9.691001300805641983e-02 1.079589265763266415e+00
2.444138004723830221e-02 1.760912590556812374e-01 1.075107513489192312e+00
2.444138004723830221e-02 2.430380486862944445e-01 1.070737290141418718e+00
2.444138004723830221e-02 3.010299956639811980e-01 1.066428371952151455e+00
2.787586095859099708e-02 -2.000000000000000000e+00 1.101712376074468702e+00
2.787586095859099708e-02 -1.903089986991943539e+00 1.101780303112214421e+00
2.787586095859099708e-02 -1.602059991327962285e+00 1.102018076170037109e+00
2.787586095859099708e-02 -1.301029995663981254e+00 1.102174643889701988e+00
2.787586095859099708e-02 -1.124938736608299905e+00 1.102092395741644637e+00
2.787586095859099708e-02 -1.000000000000000000e+00 1.101871674318046557e+00
2.787586095859099708e-02 -9.030899869919435385e-01 1.101562854791364510e+00
2.787586095859099708e-02 -6.989700043360187465e-01 1.100350447423629197e+00
2.787586095859099708e-02 -6.020599913279623960e-01 1.099420224124564527e+00
2.787586095859099708e-02 -5.228787452803376201e-01 1.098442094366566701e+00
2.787586095859099708e-02 -4.590451910738672647e-01 1.097434969092986323e+00
2.787586095859099708e-02 -3.979400086720376040e-01 1.096409864149874513e+00
2.787586095859099708e-02 -3.467874862246563827e-01 1.095373099821974394e+00
2.787586095859099708e-02 -3.010299956639811980e-01 1.094329140398772493e+00
2.787586095859099708e-02 -2.596373105057561137e-01 1.093281168863626807e+00
2.787586095859099708e-02 -2.218487496163563943e-01 1.092231494956808824e+00
2.787586095859099708e-02 -1.870866433571444221e-01 1.091181809831782035e+00
2.787586095859099708e-02 -1.564557880543648305e-01 1.090133326579603379e+00
2.787586095859099708e-02 -1.249387366082999468e-01 1.089086876038805718e+00
2.787586095859099708e-02 -4.575749056067517084e-02 1.085963745795416768e+00
2.787586095859099708e-02 0.000000000000000000e+00 1.083895695013399996e+00
2.787586095859099708e-02 9.691001300805641983e-02 1.078760788217515643e+00
2.787586095859099708e-02 1.760912590556812374e-01 1.073644691472398494e+00
2.787586095859099708e-02 2.430380486862944445e-01 1.068528240972185461e+00
2.787586095859099708e-02 3.010299956639811980e-01 1.063428954545260208e+00
3.131034505304255283e-02 -2.000000000000000000e+00 1.101706326220791565e+00
3.131034505304255283e-02 -1.903089986991943539e+00 1.101774430739509869e+00
3.131034505304255283e-02 -1.602059991327962285e+00 1.102013367013575218e+00
3.131034505304255283e-02 -1.301029995663981254e+00 1.102173079633360420e+00
3.131034505304255283e-02 -1.124938736608299905e+00 1.102094620882914322e+00
3.131034505304255283e-02 -1.000000000000000000e+00 1.101877991838071669e+00
3.131034505304255283e-02 -9.030899869919435385e-01 1.101573296088337095e+00
3.131034505304255283e-02 -6.989700043360187465e-01 1.100371382649090402e+00
3.131034505304255283e-02 -6.020599913279623960e-01 1.099444927477553513e+00
3.131034505304255283e-02 -5.228787452803376201e-01 1.098466662783306180e+00
3.131034505304255283e-02 -4.590451910738672647e-01 1.097454512907224622e+00
3.131034505304255283e-02 -3.979400086720376040e-01 1.096418611615447736e+00
3.131034505304255283e-02 -3.467874862246563827e-01 1.095364502319341460e+00
3.131034505304255283e-02 -3.010299956639811980e-01 1.094295973312126469e+00
3.131034505304255283e-02 -2.596373105057561137e-01 1.093215632683157024e+00
3.131034505304255283e-02 -2.218487496163563943e-01 1.092125317020856023e+00
3.131034505304255283e-02 -1.870866433571444221e-01 1.091026345656925578e+00
3.131034505304255283e-02 -1.564557880543648305e-01 1.089919660848554406e+00
3.131034505304255283e-02 -1.249387366082999468e-01 1.088805922972340801e+00
3.131034505304255283e-02 -4.575749056067517084e-02 1.085426193265515593e+00
3.131034505304255283e-02 0.000000000000000000e+00 1.083142911599692004e+00
3.131034505304255283e-02 9.691001300805641983e-02 1.077337724065400293e+00
3.131034505304255283e-02 1.760912590556812374e-01 1.071426076547388861e+00
3.131034505304255283e-02 2.430380486862944445e-01 1.065486434967365170e+00
3.131034505304255283e-02 3.010299956639811980e-01 1.059630870824728843e+00
3.474482914749411205e-02 -2.000000000000000000e+00 1.101701201688190856e+00
3.474482914749411205e-02 -1.903089986991943539e+00 1.101769479661367068e+00
3.474482914749411205e-02 -1.602059991327962285e+00 1.102009558138191236e+00
3.474482914749411205e-02 -1.301029995663981254e+00 1.102171996328168202e+00
3.474482914749411205e-02 -1.124938736608299905e+00 1.102096301925858057e+00
3.474482914749411205e-02 -1.000000000000000000e+00 1.101882168149334484e+00
3.474482914749411205e-02 -9.030899869919435385e-01 1.101579446283598385e+00
3.474482914749411205e-02 -6.989700043360187465e-01 1.100378165590742308e+00
3.474482914749411205e-02 -6.020599913279623960e-01 1.099445836222127326e+00
3.474482914749411205e-02 -5.228787452803376201e-01 1.098455114269391464e+00
3.474482914749411205e-02 -4.590451910738672647e-01 1.097422784688839359e+00
3.474482914749411205e-02 -3.979400086720376040e-01 1.096358002952136257e+00
3.474482914749411205e-02 -3.467874862246563827e-01 1.095265506943079004e+00
3.474482914749411205e-02 -3.010299956639811980e-01 1.094148449261737044e+00
3.474482914749411205e-02 -2.596373105057561137e-01 1.093008973931036021e+00
3.474482914749411205e-02 -2.218487496163563943e-01 1.091848625077858292e+00
3.474482914749411205e-02 -1.870866433571444221e-01 1.090668598443766957e+00
3.474482914749411205e-02 -1.564557880543648305e-01 1.089469877582940116e+00
3.474482914749411205e-02 -1.249387366082999468e-01 1.088253323443719278e+00
3.474482914749411205e-02 -4.575749056067517084e-02 1.084504693521231244e+00
3.474482914749411205e-02 0.000000000000000000e+00 1.081931634077061055e+00
3.474482914749411205e-02 9.691001300805641983e-02 1.075302440783300950e+00
3.474482914749411205e-02 1.760912590556812374e-01 1.068534196922128476e+00
3.474482914749411205e-02 2.430380486862944445e-01 1.061832961874032089e+00
3.474482914749411205e-02 3.010299956639811980e-01 1.055396878976649466e+00
3.817929732645135299e-02 -2.000000000000000000e+00 1.101693839970672828e+00
3.817929732645135299e-02 -1.903089986991943539e+00 1.101762212232573646e+00
3.817929732645135299e-02 -1.602059991327962285e+00 1.102003052066096833e+00
3.817929732645135299e-02 -1.301029995663981254e+00 1.102167062445035040e+00
3.817929732645135299e-02 -1.124938736608299905e+00 1.102092298460594089e+00
3.817929732645135299e-02 -1.000000000000000000e+00 1.101878150550554603e+00
3.817929732645135299e-02 -9.030899869919435385e-01 1.101574218703774699e+00
3.817929732645135299e-02 -6.989700043360187465e-01 1.100359781980706497e+00
3.817929732645135299e-02 -6.020599913279623960e-01 1.099408605365665759e+00
3.817929732645135299e-02 -5.228787452803376201e-01 1.098389241584154741e+00
3.817929732645135299e-02 -4.590451910738672647e-01 1.097317268756995867e+00
3.817929732645135299e-02 -3.979400086720376040e-01 1.096200896243526346e+00
3.817929732645135299e-02 -3.467874862246563827e-01 1.095044195954497646e+00
3.817929732645135299e-02 -3.010299956639811980e-01 1.093849928651841275e+00
3.817929732645135299e-02 -2.596373105057561137e-01 1.092620118338232693e+00
3.817929732645135299e-02 -2.218487496163563943e-01 1.091356453249357372e+00
3.817929732645135299e-02 -1.870866433571444221e-01 1.090060524055795232e+00
3.817929732645135299e-02 -1.564557880543648305e-01 1.088733943149533090e+00
3.817929732645135299e-02 -1.249387366082999468e-01 1.087378413609547456e+00
3.817929732645135299e-02 -4.575749056067517084e-02 1.083157263746765686e+00
3.817929732645135299e-02 0.000000000000000000e+00 1.080236285461718682e+00
3.817929732645135299e-02 9.691001300805641983e-02 1.072709891144409733e+00
3.817929732645135299e-02 1.760912590556812374e-01 1.065144188083129606e+00
3.817929732645135299e-02 2.430380486862944445e-01 1.057862888313994887e+00
3.817929732645135299e-02 3.010299956639811980e-01 1.051102485066079284e+00
4.161379733639721662e-02 -2.000000000000000000e+00 1.101680980699438761e+00
4.161379733639721662e-02 -1.903089986991943539e+00 1.101749297725411969e+00
4.161379733639721662e-02 -1.602059991327962285e+00 1.101990169176670920e+00
4.161379733639721662e-02 -1.301029995663981254e+00 1.102153822012918560e+00
4.161379733639721662e-02 -1.124938736608299905e+00 1.102077239014767063e+00
4.161379733639721662e-02 -1.000000000000000000e+00 1.101859504751540264e+00
4.161379733639721662e-02 -9.030899869919435385e-01 1.101549964204825871e+00
4.161379733639721662e-02 -6.989700043360187465e-01 1.100304026393490453e+00
4.161379733639721662e-02 -6.020599913279623960e-01 1.099317296629009233e+00
4.161379733639721662e-02 -5.228787452803376201e-01 1.098248946903347623e+00
4.161379733639721662e-02 -4.590451910738672647e-01 1.097113456687531574e+00
4.161379733639721662e-02 -3.979400086720376040e-01 1.095918348699034039e+00
4.161379733639721662e-02 -3.467874862246563827e-01 1.094667439307586809e+00
4.161379733639721662e-02 -3.010299956639811980e-01 1.093363644570457760e+00
4.161379733639721662e-02 -2.596373105057561137e-01 1.092009534944234028e+00
4.161379733639721662e-02 -2.218487496163563943e-01 1.090607705915138004e+00
4.161379733639721662e-02 -1.870866433571444221e-01 1.089160976323022112e+00
4.161379733639721662e-02 -1.564557880543648305e-01 1.087672461704158433e+00
4.161379733639721662e-02 -1.249387366082999468e-01 1.086145592340043375e+00
4.161379733639721662e-02 -4.575749056067517084e-02 1.081373472986439488e+00
4.161379733639721662e-02 0.000000000000000000e+00 1.078074924542707702e+00
4.161379733639721662e-02 9.691001300805641983e-02 1.069679581763454790e+00
4.161379733639721662e-02 1.760912590556812374e-01 1.061483519803114062e+00
4.161379733639721662e-02 2.430380486862944445e-01 1.053872987104809145e+00
4.161379733639721662e-02 3.010299956639811980e-01 1.047054548226626691e+00
4.504826551535446449e-02 -2.000000000000000000e+00 1.101658841882129813e+00
4.504826551535446449e-02 -1.903089986991943539e+00 1.101726885160366542e+00
4.504826551535446449e-02 -1.602059991327962285e+00 1.101966701140473681e+00
4.504826551535446449e-02 -1.301029995663981254e+00 1.102127206768887868e+00
4.504826551535446449e-02 -1.124938736608299905e+00 1.102044995581891618e+00
4.504826551535446449e-02 -1.000000000000000000e+00 1.101818857486361214e+00
4.504826551535446449e-02 -9.030899869919435385e-01 1.101497888790065938e+00
4.504826551535446449e-02 -6.989700043360187465e-01 1.100196907799963375e+00
4.504826551535446449e-02 -6.020599913279623960e-01 1.099153859030984837e+00
4.504826551535446449e-02 -5.228787452803376201e-01 1.098011897085174882e+00
4.504826551535446449e-02 -4.590451910738672647e-01 1.096784803864890634e+00
4.504826551535446449e-02 -3.979400086720376040e-01 1.095480020623500028e+00
4.504826551535446449e-02 -3.467874862246563827e-01 1.094101898607657830e+00
4.504826551535446449e-02 -3.010299956639811980e-01 1.092654447657767536e+00
4.504826551535446449e-02 -2.596373105057561137e-01 1.091141829237776806e+00
4.504826551535446449e-02 -2.218487496163563943e-01 1.089568649119356358e+00
4.504826551535446449e-02 -1.870866433571444221e-01 1.087940066032286435e+00
4.504826551535446449e-02 -1.564557880543648305e-01 1.086261770273738936e+00
4.504826551535446449e-02 -1.249387366082999468e-01 1.084539905743199695e+00
4.504826551535446449e-02 -4.575749056067517084e-02 1.079178827418159736e+00
4.504826551535446449e-02 0.000000000000000000e+00 1.075509656602547492e+00
4.504826551535446449e-02 9.691001300805641983e-02 1.066374594976127410e+00
4.504826551535446449e-02 1.760912590556812374e-01 1.057786196510933197e+00
4.504826551535446449e-02 2.430380486862944445e-01 1.050109462195167653e+00
4.504826551535446449e-02 3.010299956639811980e-01 1.043459234924111856e+00
4.848276552530032812e-02 -2.000000000000000000e+00 1.101622750067068557e+00
4.848276552530032812e-02 -1.903089986991943539e+00 1.101690232894855903e+00
4.848276552530032812e-02 -1.602059991327962285e+00 1.101927532579255242e+00
4.848276552530032812e-02 -1.301029995663981254e+00 1.102081129768053280e+00
4.848276552530032812e-02 -1.124938736608299905e+00 1.101988245641046138e+00
4.848276552530032812e-02 -1.000000000000000000e+00 1.101747429776629428e+00
4.848276552530032812e-02 -9.030899869919435385e-01 1.101407565025896762e+00
4.848276552530032812e-02 -6.989700043360187465e-01 1.100022177507166798e+00
4.848276552530032812e-02 -6.020599913279623960e-01 1.098897779618972725e+00
4.848276552530032812e-02 -5.228787452803376201e-01 1.097653424516970677e+00
4.848276552530032812e-02 -4.590451910738672647e-01 1.096303029464323675e+00
4.848276552530032812e-02 -3.979400086720376040e-01 1.094855027222710886e+00
4.848276552530032812e-02 -3.467874862246563827e-01 1.093315562544474151e+00
4.848276552530032812e-02 -3.010299956639811980e-01 1.091691107562497765e+00
4.848276552530032812e-02 -2.596373105057561137e-01 1.089988814632021796e+00
4.848276552530032812e-02 -2.218487496163563943e-01 1.088216652314065946e+00
4.848276552530032812e-02 -1.870866433571444221e-01 1.086383351811548659e+00
4.848276552530032812e-02 -1.564557880543648305e-01 1.084498229748046105e+00
4.848276552530032812e-02 -1.249387366082999468e-01 1.082570968043407467e+00
4.848276552530032812e-02 -4.575749056067517084e-02 1.076633927874729668e+00
4.848276552530032812e-02 0.000000000000000000e+00 1.072639461491632584e+00
4.848276552530032812e-02 9.691001300805641983e-02 1.062974028692766471e+00
4.848276552530032812e-02 1.760912590556812374e-01 1.054256247159905513e+00
4.848276552530032812e-02 2.430380486862944445e-01 1.046745342068716278e+00
4.848276552530032812e-02 3.010299956639811980e-01 1.040427964629647706e+00
5.191723370425756906e-02 -2.000000000000000000e+00 1.101566754754629507e+00
5.191723370425756906e-02 -1.903089986991943539e+00 1.101633324547639958e+00
5.191723370425756906e-02 -1.602059991327962285e+00 1.101866257130424964e+00
5.191723370425756906e-02 -1.301029995663981254e+00 1.102008082819162738e+00
5.191723370425756906e-02 -1.124938736608299905e+00 1.101898044485934536e+00
5.191723370425756906e-02 -1.000000000000000000e+00 1.101634588035616868e+00
5.191723370425756906e-02 -9.030899869919435385e-01 1.101266472473677371e+00
5.191723370425756906e-02 -6.989700043360187465e-01 1.099760958894470120e+00
5.191723370425756906e-02 -6.020599913279623960e-01 1.098525926319126711e+00
5.191723370425756906e-02 -5.228787452803376201e-01 1.097146740892985139e+00
5.191723370425756906e-02 -4.590451910738672647e-01 1.095638863803269469e+00
5.191723370425756906e-02 -3.979400086720376040e-01 1.094013354952789729e+00
5.191723370425756906e-02 -3.467874862246563827e-01 1.092279903929732843e+00
5.191723370425756906e-02 -3.010299956639811980e-01 1.090449183768260610e+00
5.191723370425756906e-02 -2.596373105057561137e-01 1.088532944852954154e+00
5.191723370425756906e-02 -2.218487496163563943e-01 1.086543891880985324e+00
5.191723370425756906e-02 -1.870866433571444221e-01 1.084495390934349990e+00
5.191723370425756906e-02 -1.564557880543648305e-01 1.082401089174246156e+00
5.191723370425756906e-02 -1.249387366082999468e-01 1.080274535901912136e+00
5.191723370425756906e-02 -4.575749056067517084e-02 1.073828673209257012e+00
5.191723370425756906e-02 0.000000000000000000e+00 1.069587643822287326e+00
5.191723370425756906e-02 9.691001300805641983e-02 1.059647930341241162e+00
5.191723370425756906e-02 1.760912590556812374e-01 1.051048906095344071e+00
5.191723370425756906e-02 2.430380486862944445e-01 1.043882957313131854e+00
5.191723370425756906e-02 3.010299956639811980e-01 1.038001751324528765e+00
5.535173371420343963e-02 -2.000000000000000000e+00 1.101483218093040284e+00
5.535173371420343963e-02 -1.903089986991943539e+00 1.101548461765361253e+00
5.535173371420343963e-02 -1.602059991327962285e+00 1.101774776278856116e+00
5.535173371420343963e-02 -1.301029995663981254e+00 1.101898723313938122e+00
5.535173371420343963e-02 -1.124938736608299905e+00 1.101763392208104264e+00
5.535173371420343963e-02 -1.000000000000000000e+00 1.101467397713165708e+00
5.535173371420343963e-02 -9.030899869919435385e-01 1.101059553819756065e+00
5.535173371420343963e-02 -6.989700043360187465e-01 1.099391479423672546e+00
5.535173371420343963e-02 -6.020599913279623960e-01 1.098012592034434354e+00
5.535173371420343963e-02 -5.228787452803376201e-01 1.096463467953847415e+00
5.535173371420343963e-02 -4.590451910738672647e-01 1.094763211683326354e+00
5.535173371420343963e-02 -3.979400086720376040e-01 1.092927728340172822e+00
5.535173371420343963e-02 -3.467874862246563827e-01 1.090972403221669440e+00
5.535173371420343963e-02 -3.010299956639811980e-01 1.088914012775358930e+00
5.535173371420343963e-02 -2.596373105057561137e-01 1.086770418679178007e+00
5.535173371420343963e-02 -2.218487496163563943e-01 1.084560093072000742e+00
5.535173371420343963e-02 -1.870866433571444221e-01 1.082301546844792295e+00
5.535173371420343963e-02 -1.564557880543648305e-01 1.080012757139636514e+00
5.535173371420343963e-02 -1.249387366082999468e-01 1.077710681742818366e+00
5.535173371420343963e-02 -4.575749056067517084e-02 1.070872111878891086e+00
5.535173371420343963e-02 0.000000000000000000e+00 1.066486432535679318e+00
5.535173371420343963e-02 9.691001300805641983e-02 1.056539606225118666e+00
5.535173371420343963e-02 1.760912590556812374e-01 1.048267289381424883e+00
5.535173371420343963e-02 2.430380486862944445e-01 1.041568767450494093e+00
5.535173371420343963e-02 3.010299956639811980e-01 1.036177144872280298e+00
5.878620189316068750e-02 -2.000000000000000000e+00 1.101362390737135932e+00
5.878620189316068750e-02 -1.903089986991943539e+00 1.101425843937508642e+00
5.878620189316068750e-02 -1.602059991327962285e+00 1.101642889514972579e+00
5.878620189316068750e-02 -1.301029995663981254e+00 1.101741463506102248e+00
5.878620189316068750e-02 -1.124938736608299905e+00 1.101570819560657721e+00
5.878620189316068750e-02 -1.000000000000000000e+00 1.101230220089090661e+00
5.878620189316068750e-02 -9.030899869919435385e-01 1.100768848261666877e+00
5.878620189316068750e-02 -6.989700043360187465e-01 1.098889049518021688e+00
5.878620189316068750e-02 -6.020599913279623960e-01 1.097329943199051971e+00
5.878620189316068750e-02 -5.228787452803376201e-01 1.095574729613777443e+00
5.878620189316068750e-02 -4.590451910738672647e-01 1.093648980260859105e+00
5.878620189316068750e-02 -3.979400086720376040e-01 1.091576129449889132e+00
5.878620189316068750e-02 -3.467874862246563827e-01 1.089379545476635736e+00
5.878620189316068750e-02 -3.010299956639811980e-01 1.087083797174049682e+00
5.878620189316068750e-02 -2.596373105057561137e-01 1.084713838964364463e+00
5.878620189316068750e-02 -2.218487496163563943e-01 1.082294164792177549e+00
5.878620189316068750e-02 -1.870866433571444221e-01 1.079848016291897084e+00
5.878620189316068750e-02 -1.564557880543648305e-01 1.077396733561863273e+00
5.878620189316068750e-02 -1.249387366082999468e-01 1.074959310122247214e+00
5.878620189316068750e-02 -4.575749056067517084e-02 1.067881001771135097e+00
5.878620189316068750e-02 0.000000000000000000e+00 1.063463182731350987e+00
5.878620189316068750e-02 9.691001300805641983e-02 1.053758048969665406e+00
5.878620189316068750e-02 1.760912590556812374e-01 1.045969862018334195e+00
5.878620189316068750e-02 2.430380486862944445e-01 1.039811645144729901e+00
5.878620189316068750e-02 3.010299956639811980e-01 1.034927197207354155e+00
6.222070190310654419e-02 -2.000000000000000000e+00 1.101192009615037826e+00
6.222070190310654419e-02 -1.903089986991943539e+00 1.101253168101365532e+00
6.222070190310654419e-02 -1.602059991327962285e+00 1.101457901208329426e+00
6.222070190310654419e-02 -1.301029995663981254e+00 1.101522082380520073e+00
6.222070190310654419e-02 -1.124938736608299905e+00 1.101304013167653251e+00
6.222070190310654419e-02 -1.000000000000000000e+00 1.100904375991624828e+00
6.222070190310654419e-02 -9.030899869919435385e-01 1.100373231136112073e+00
6.222070190310654419e-02 -6.989700043360187465e-01 1.098226330246002691e+00
6.222070190310654419e-02 -6.020599913279623960e-01 1.096448898368538538e+00
6.222070190310654419e-02 -5.228787452803376201e-01 1.094452768154528188e+00
6.222070190310654419e-02 -4.590451910738672647e-01 1.092273407737211821e+00
6.222070190310654419e-02 -3.979400086720376040e-01 1.089944617485194334e+00
6.222070190310654419e-02 -3.467874862246563827e-01 1.087499714024188213e+00
6.222070190310654419e-02 -3.010299956639811980e-01 1.084972012228843097e+00
6.222070190310654419e-02 -2.596373105057561137e-01 1.082393516001065148e+00
6.222070190310654419e-02 -2.218487496163563943e-01 1.079793834940670827e+00
6.222070190310654419e-02 -1.870866433571444221e-01 1.077199381915955101e+00
6.222070190310654419e-02 -1.564557880543648305e-01 1.074632885875504318e+00
6.222070190310654419e-02 -1.249387366082999468e-01 1.072113216850840267e+00
6.222070190310654419e-02 -4.575749056067517084e-02 1.064968785364112769e+00
6.222070190310654419e-02 0.000000000000000000e+00 1.060629947776528192e+00
6.222070190310654419e-02 9.691001300805641983e-02 1.051377956964491878e+00
6.222070190310654419e-02 1.760912590556812374e-01 1.044181674608464006e+00
6.222070190310654419e-02 2.430380486862944445e-01 1.038598260728001099e+00
6.222070190310654419e-02 3.010299956639811980e-01 1.034215072984306927e+00
6.565517008206379901e-02 -2.000000000000000000e+00 1.100957067919725141e+00
6.565517008206379901e-02 -1.903089986991943539e+00 1.101015394495624911e+00
6.565517008206379901e-02 -1.602059991327962285e+00 1.101204375732621310e+00
6.565517008206379901e-02 -1.301029995663981254e+00 1.101223490219745527e+00
6.565517008206379901e-02 -1.124938736608299905e+00 1.100943625118915969e+00
6.565517008206379901e-02 -1.000000000000000000e+00 1.100468045778172588e+00
6.565517008206379901e-02 -9.030899869919435385e-01 1.099848459668237632e+00
6.565517008206379901e-02 -6.989700043360187465e-01 1.097374189844575687e+00
6.565517008206379901e-02 -6.020599913279623960e-01 1.095340775463619964e+00
6.565517008206379901e-02 -5.228787452803376201e-01 1.093073408656322520e+00
6.565517008206379901e-02 -4.590451910738672647e-01 1.090621142996640369e+00
6.565517008206379901e-02 -3.979400086720376040e-01 1.088030589252541924e+00
6.565517008206379901e-02 -3.467874862246563827e-01 1.085346031136062539e+00
6.565517008206379901e-02 -3.010299956639811980e-01 1.082609177664140221e+00
6.565517008206379901e-02 -2.596373105057561137e-01 1.079857607390235952e+00
6.565517008206379901e-02 -2.218487496163563943e-01 1.077123795927310779e+00
6.565517008206379901e-02 -1.870866433571444221e-01 1.074434669858124192e+00
6.565517008206379901e-02 -1.564557880543648305e-01 1.071811606335895339e+00
6.565517008206379901e-02 -1.249387366082999468e-01 1.069270776781307886e+00
6.565517008206379901e-02 -4.575749056067517084e-02 1.062237730030609395e+00
6.565517008206379901e-02 0.000000000000000000e+00 1.058078350908581600e+00
6.565517008206379901e-02 9.691001300805641983e-02 1.049445160887004791e+00
6.565517008206379901e-02 1.760912590556812374e-01 1.042905898564225442e+00
6.565517008206379901e-02 2.430380486862944445e-01 1.037904329260737946e+00
6.565517008206379901e-02 3.010299956639811980e-01 1.034001838530285378e+00
6.908967009200966958e-02 -2.000000000000000000e+00 1.100639932284585232e+00
6.908967009200966958e-02 -1.903089986991943539e+00 1.100694842743308310e+00
6.908967009200966958e-02 -1.602059991327962285e+00 1.100864174326694256e+00
6.908967009200966958e-02 -1.301029995663981254e+00 1.100825756986548276e+00
6.908967009200966958e-02 -1.124938736608299905e+00 1.100467374092419792e+00
6.908967009200966958e-02 -1.000000000000000000e+00 1.099896514422536553e+00
6.908967009200966958e-02 -9.030899869919435385e-01 1.099167635485409189e+00
6.908967009200966958e-02 -6.989700043360187465e-01 1.096303220912094645e+00
6.908967009200966958e-02 -6.020599913279623960e-01 1.093979674886655928e+00
6.908967009200966958e-02 -5.228787452803376201e-01 1.091419152187347530e+00
6.908967009200966958e-02 -4.590451910738672647e-01 1.088687611373644115e+00
6.908967009200966958e-02 -3.979400086720376040e-01 1.085845774142012887e+00
6.908967009200966958e-02 -3.467874862246563827e-01 1.082948283338339701e+00
6.908967009200966958e-02 -3.010299956639811980e-01 1.080043129995765794e+00
6.908967009200966958e-02 -2.596373105057561137e-01 1.077170405925434560e+00
6.908967009200966958e-02 -2.218487496163563943e-01 1.074361994869235559e+00
6.908967009200966958e-02 -1.870866433571444221e-01 1.071641937053495308e+00
6.908967009200966958e-02 -1.564557880543648305e-01 1.069027228870117696e+00
6.908967009200966958e-02 -1.249387366082999468e-01 1.066528857896833049e+00
6.908967009200966958e-02 -4.575749056067517084e-02 1.059774205743025721e+00
6.908967009200966958e-02 0.000000000000000000e+00 1.055878453630606728e+00
6.908967009200966958e-02 9.691001300805641983e-02 1.047983630783843711e+00
6.908967009200966958e-02 1.760912590556812374e-01 1.042132797045006720e+00
6.908967009200966958e-02 2.430380486862944445e-01 1.037701256024304852e+00
6.908967009200966958e-02 3.010299956639811980e-01 1.034249694777298556e+00
7.252413827096690357e-02 -2.000000000000000000e+00 1.100221187996744066e+00
7.252413827096690357e-02 -1.903089986991943539e+00 1.100271984100439360e+00
7.252413827096690357e-02 -1.602059991327962285e+00 1.100417091397319691e+00
7.252413827096690357e-02 -1.301029995663981254e+00 1.100306696856312882e+00
7.252413827096690357e-02 -1.124938736608299905e+00 1.099850741421509737e+00
7.252413827096690357e-02 -1.000000000000000000e+00 1.099163090859652359e+00
7.252413827096690357e-02 -9.030899869919435385e-01 1.098302443499550529e+00
7.252413827096690357e-02 -6.989700043360187465e-01 1.094986327064174203e+00
7.252413827096690357e-02 -6.020599913279623960e-01 1.092345956300744492e+00
7.252413827096690357e-02 -5.228787452803376201e-01 1.089483138141336571e+00
7.252413827096690357e-02 -4.590451910738672647e-01 1.086482780616272903e+00
7.252413827096690357e-02 -3.979400086720376040e-01 1.083419030066392619e+00
7.252413827096690357e-02 -3.467874862246563827e-01 1.080354103585098091e+00
7.252413827096690357e-02 -3.010299956639811980e-01 1.077338248930129749e+00
7.252413827096690357e-02 -2.596373105057561137e-01 1.074409640952846301e+00
7.252413827096690357e-02 -2.218487496163563943e-01 1.071595380304569911e+00
7.252413827096690357e-02 -1.870866433571444221e-01 1.068913067846546383e+00
7.252413827096690357e-02 -1.564557880543648305e-01 1.066372580662807712e+00
7.252413827096690357e-02 -1.249387366082999468e-01 1.063977809825010556e+00
7.252413827096690357e-02 -4.575749056067517084e-02 1.057647724513537391e+00
7.252413827096690357e-02 0.000000000000000000e+00 1.054081120350556455e+00
7.252413827096690357e-02 9.691001300805641983e-02 1.047002568839787706e+00
7.252413827096690357e-02 1.760912590556812374e-01 1.041845964219842990e+00
7.252413827096690357e-02 2.430380486862944445e-01 1.037959352068599017e+00
7.252413827096690357e-02 3.010299956639811980e-01 1.034922351457455703e+00
7.595860644992415145e-02 -2.000000000000000000e+00 1.099681582316361927e+00
7.595860644992415145e-02 -1.903089986991943539e+00 1.099727278707324230e+00
7.595860644992415145e-02 -1.602059991327962285e+00 1.099842368554441618e+00
7.595860644992415145e-02 -1.301029995663981254e+00 1.099643224624287985e+00
7.595860644992415145e-02 -1.124938736608299905e+00 1.099068448198248005e+00
7.595860644992415145e-02 -1.000000000000000000e+00 1.098240863039971593e+00
7.595860644992415145e-02 -9.030899869919435385e-01 1.097225296242609449e+00
7.595860644992415145e-02 -6.989700043360187465e-01 1.093402289266276695e+00
7.595860644992415145e-02 -6.020599913279623960e-01 1.090430450491479020e+00
7.595860644992415145e-02 -5.228787452803376201e-01 1.087273306633744552e+00
7.595860644992415145e-02 -4.590451910738672647e-01 1.084034412121609670e+00
7.595860644992415145e-02 -3.979400086720376040e-01 1.080797944322169579e+00
7.595860644992415145e-02 -3.467874862246563827e-01 1.077628535071198712e+00
7.595860644992415145e-02 -3.010299956639811980e-01 1.074573038689929261e+00
7.595860644992415145e-02 -2.596373105057561137e-01 1.071662517678720450e+00
7.595860644992415145e-02 -2.218487496163563943e-01 1.068915079571846727e+00
7.595860644992415145e-02 -1.870866433571444221e-01 1.066338839316496756e+00
7.595860644992415145e-02 -1.564557880543648305e-01 1.063934613042933019e+00
7.595860644992415145e-02 -1.249387366082999468e-01 1.061698175921254483e+00
7.595860644992415145e-02 -4.575749056067517084e-02 1.055912066786411030e+00
7.595860644992415145e-02 0.000000000000000000e+00 1.052721598131820313e+00
7.595860644992415145e-02 9.691001300805641983e-02 1.046501777261537036e+00
7.595860644992415145e-02 1.760912590556812374e-01 1.042025550810015355e+00
7.595860644992415145e-02 2.430380486862944445e-01 1.038648316166694840e+00
7.595860644992415145e-02 3.010299956639811980e-01 1.035983591737039911e+00
7.939310645987002202e-02 -2.000000000000000000e+00 1.099005581849803681e+00
7.939310645987002202e-02 -1.903089986991943539e+00 1.099044558557245921e+00
7.939310645987002202e-02 -1.602059991327962285e+00 1.099121534155337976e+00
7.939310645987002202e-02 -1.301029995663981254e+00 1.098813891025042011e+00
7.939310645987002202e-02 -1.124938736608299905e+00 1.098097112261570585e+00
7.939310645987002202e-02 -1.000000000000000000e+00 1.097105684184346952e+00
7.939310645987002202e-02 -9.030899869919435385e-01 1.095912766006982730e+00
7.939310645987002202e-02 -6.989700043360187465e-01 1.091540524645464583e+00
7.939310645987002202e-02 -6.020599913279623960e-01 1.088239417728173786e+00
7.939310645987002202e-02 -5.228787452803376201e-01 1.084816612006291203e+00
7.939310645987002202e-02 -4.590451910738672647e-01 1.081390648840011348e+00
7.939310645987002202e-02 -3.979400086720376040e-01 1.078049304789150176e+00
7.939310645987002202e-02 -3.467874862246563827e-01 1.074852419308355955e+00
7.939310645987002202e-02 -3.010299956639811980e-01 1.071836921285414634e+00
7.939310645987002202e-02 -2.596373105057561137e-01 1.069021665167591006e+00
7.939310645987002202e-02 -2.218487496163563943e-01 1.066412297482388416e+00
7.939310645987002202e-02 -1.870866433571444221e-01 1.064005447940069571e+00
7.939310645987002202e-02 -1.564557880543648305e-01 1.061792025774702664e+00
7.939310645987002202e-02 -1.249387366082999468e-01 1.059759657050774129e+00
7.939310645987002202e-02 -4.575749056067517084e-02 1.054607955150458576e+00
7.939310645987002202e-02 0.000000000000000000e+00 1.051823527608472642e+00
7.939310645987002202e-02 9.691001300805641983e-02 1.046475184131429037e+00
7.939310645987002202e-02 1.760912590556812374e-01 1.042649148561895389e+00
7.939310645987002202e-02 2.430380486862944445e-01 1.039735914262833072e+00
7.939310645987002202e-02 3.010299956639811980e-01 1.037394909912612517e+00
8.282757463882725602e-02 -2.000000000000000000e+00 1.098186709960804697e+00
8.282757463882725602e-02 -1.903089986991943539e+00 1.098216132523992750e+00
8.282757463882725602e-02 -1.602059991327962285e+00 1.098242761985761984e+00
8.282757463882725602e-02 -1.301029995663981254e+00 1.097802777756498704e+00
8.282757463882725602e-02 -1.124938736608299905e+00 1.096919236040748258e+00
8.282757463882725602e-02 -1.000000000000000000e+00 1.095740492203269412e+00
8.282757463882725602e-02 -9.030899869919435385e-01 1.094350330917427838e+00
8.282757463882725602e-02 -6.989700043360187465e-01 1.089406666398150092e+00
8.282757463882725602e-02 -6.020599913279623960e-01 1.085799582078712300e+00
8.282757463882725602e-02 -5.228787452803376201e-01 1.082162462346142995e+00
8.282757463882725602e-02 -4.590451910738672647e-01 1.078621199743092118e+00
8.282757463882725602e-02 -3.979400086720376040e-01 1.075257992194924128e+00
8.282757463882725602e-02 -3.467874862246563827e-01 1.072119518178838549e+00
8.282757463882725602e-02 -3.010299956639811980e-01 1.069226421065409216e+00
8.282757463882725602e-02 -2.596373105057561137e-01 1.066581250944742321e+00
8.282757463882725602e-02 -2.218487496163563943e-01 1.064175064280917571e+00
8.282757463882725602e-02 -1.870866433571444221e-01 1.061992338102541344e+00
8.282757463882725602e-02 -1.564557880543648305e-01 1.060014363656280212e+00
8.282757463882725602e-02 -1.249387366082999468e-01 1.058221452584244826e+00
8.282757463882725602e-02 -4.575749056067517084e-02 1.053765859381132097e+00
8.282757463882725602e-02 0.000000000000000000e+00 1.051402095269059700e+00
8.282757463882725602e-02 9.691001300805641983e-02 1.046912171105220724e+00
8.282757463882725602e-02 1.760912590556812374e-01 1.043690634444776499e+00
8.282757463882725602e-02 2.430380486862944445e-01 1.041185428926827194e+00
8.282757463882725602e-02 3.010299956639811980e-01 1.039112890429305214e+00
8.626207464877312658e-02 -2.000000000000000000e+00 1.097234085052547714e+00
8.626207464877312658e-02 -1.903089986991943539e+00 1.097249107466497620e+00
8.626207464877312658e-02 -1.602059991327962285e+00 1.097206448925212241e+00
8.626207464877312658e-02 -1.301029995663981254e+00 1.096604561963403057e+00
8.626207464877312658e-02 -1.124938736608299905e+00 1.095528319809977447e+00
8.626207464877312658e-02 -1.000000000000000000e+00 1.094140682006933929e+00
8.626207464877312658e-02 -9.030899869919435385e-01 1.092538034889634080e+00
8.626207464877312658e-02 -6.989700043360187465e-01 1.087028069612166359e+00
8.626207464877312658e-02 -6.020599913279623960e-01 1.083162122520174631e+00
8.626207464877312658e-02 -5.228787452803376201e-01 1.079384311433949195e+00
8.626207464877312658e-02 -4.590451910738672647e-01 1.075816361697854662e+00
8.626207464877312658e-02 -3.979400086720376040e-01 1.072523966851064214e+00
8.626207464877312658e-02 -3.467874862246563827e-01 1.069532401612111716e+00
8.626207464877312658e-02 -3.010299956639811980e-01 1.066840929718372744e+00
8.626207464877312658e-02 -2.596373105057561137e-01 1.064433387512131013e+00
8.626207464877312658e-02 -2.218487496163563943e-01 1.062285733914739350e+00
8.626207464877312658e-02 -1.870866433571444221e-01 1.060370942439864406e+00
8.626207464877312658e-02 -1.564557880543648305e-01 1.058661922856296123e+00
8.626207464877312658e-02 -1.249387366082999468e-01 1.057133117862974592e+00
8.626207464877312658e-02 -4.575749056067517084e-02 1.053408043066172972e+00
8.626207464877312658e-02 0.000000000000000000e+00 1.051465734090873738e+00
8.626207464877312658e-02 9.691001300805641983e-02 1.047796925868709650e+00
8.626207464877312658e-02 1.760912590556812374e-01 1.045117639730792192e+00
8.626207464877312658e-02 2.430380486862944445e-01 1.042952751669278477e+00
8.626207464877312658e-02 3.010299956639811980e-01 1.041087265091318548e+00
8.969654282773037446e-02 -2.000000000000000000e+00 1.096178626158760050e+00
8.969654282773037446e-02 -1.903089986991943539e+00 1.096171558250222944e+00
8.969654282773037446e-02 -1.602059991327962285e+00 1.096031153486453080e+00
8.969654282773037446e-02 -1.301029995663981254e+00 1.095230264678726417e+00
8.969654282773037446e-02 -1.124938736608299905e+00 1.093934720108703296e+00
8.969654282773037446e-02 -1.000000000000000000e+00 1.092320152343736472e+00
8.969654282773037446e-02 -9.030899869919435385e-01 1.090496628637725118e+00
8.969654282773037446e-02 -6.989700043360187465e-01 1.084458604096003365e+00
8.969654282773037446e-02 -6.020599913279623960e-01 1.080405083745284989e+00
8.969654282773037446e-02 -5.228787452803376201e-01 1.076579254395514385e+00
8.969654282773037446e-02 -4.590451910738672647e-01 1.073084259651829298e+00
8.969654282773037446e-02 -3.979400086720376040e-01 1.069958172374060545e+00
8.969654282773037446e-02 -3.467874862246563827e-01 1.067198118716407240e+00
8.969654282773037446e-02 -3.010299956639811980e-01 1.064778994777846322e+00
8.969654282773037446e-02 -2.596373105057561137e-01 1.062665507532084996e+00
8.969654282773037446e-02 -2.218487496163563943e-01 1.060819565457371549e+00
8.969654282773037446e-02 -1.870866433571444221e-01 1.059204342273887267e+00
8.969654282773037446e-02 -1.564557880543648305e-01 1.057786227787139044e+00
8.969654282773037446e-02 -1.249387366082999468e-01 1.056535548305143513e+00
8.969654282773037446e-02 -4.575749056067517084e-02 1.053549467908135640e+00
8.969654282773037446e-02 0.000000000000000000e+00 1.052016163127689197e+00
8.969654282773037446e-02 9.691001300805641983e-02 1.049105977825032898e+00
8.969654282773037446e-02 1.760912590556812374e-01 1.046887986811847915e+00
8.969654282773037446e-02 2.430380486862944445e-01 1.044983545462611962e+00
8.969654282773037446e-02 3.010299956639811980e-01 1.043259989187279801e+00
9.313104283767623115e-02 -2.000000000000000000e+00 1.095075772751834098e+00
9.313104283767623115e-02 -1.903089986991943539e+00 1.095035614583133921e+00
9.313104283767623115e-02 -1.602059991327962285e+00 1.094757677927273409e+00
9.313104283767623115e-02 -1.301029995663981254e+00 1.093712004260583015e+00
9.313104283767623115e-02 -1.124938736608299905e+00 1.092170694498468375e+00
9.313104283767623115e-02 -1.000000000000000000e+00 1.090316429637133488e+00
9.313104283767623115e-02 -9.030899869919435385e-01 1.088272488386971215e+00
9.313104283767623115e-02 -6.989700043360187465e-01 1.081780828399478755e+00
9.313104283767623115e-02 -6.020599913279623960e-01 1.077632553043870178e+00
9.313104283767623115e-02 -5.228787452803376201e-01 1.073864481662356152e+00
9.313104283767623115e-02 -4.590451910738672647e-01 1.070545662346007676e+00
9.313104283767623115e-02 -3.979400086720376040e-01 1.067676993914951522e+00
9.313104283767623115e-02 -3.467874862246563827e-01 1.065223295327046404e+00
9.313104283767623115e-02 -3.010299956639811980e-01 1.063134587166284950e+00
9.313104283767623115e-02 -2.596373105057561137e-01 1.061357910021341500e+00
9.313104283767623115e-02 -2.218487496163563943e-01 1.059843374488780743e+00
9.313104283767623115e-02 -1.870866433571444221e-01 1.058546711614756664e+00
9.313104283767623115e-02 -1.564557880543648305e-01 1.057429922080420415e+00
9.313104283767623115e-02 -1.249387366082999468e-01 1.056461001975608438e+00
9.313104283767623115e-02 -4.575749056067517084e-02 1.054196948802903933e+00
9.313104283767623115e-02 0.000000000000000000e+00 1.053046522898798854e+00
9.313104283767623115e-02 9.691001300805641983e-02 1.050804408322879802e+00
9.313104283767623115e-02 1.760912590556812374e-01 1.048946107995241128e+00
9.313104283767623115e-02 2.430380486862944445e-01 1.047211746076376793e+00
9.313104283767623115e-02 3.010299956639811980e-01 1.045566478442348179e+00
9.656551101663347902e-02 -2.000000000000000000e+00 1.094001792376744886e+00
9.656551101663347902e-02 -1.903089986991943539e+00 1.093914679695983327e+00
9.656551101663347902e-02 -1.602059991327962285e+00 1.093449085558654499e+00
9.656551101663347902e-02 -1.301029995663981254e+00 1.092105164349934876e+00
9.656551101663347902e-02 -1.124938736608299905e+00 1.090293317381779703e+00
9.656551101663347902e-02 -1.000000000000000000e+00 1.088193694142309820e+00
9.656551101663347902e-02 -9.030899869919435385e-01 1.085940238522304480e+00
9.656551101663347902e-02 -6.989700043360187465e-01 1.079105035452848638e+00
9.656551101663347902e-02 -6.020599913279623960e-01 1.074970790999198789e+00
9.656551101663347902e-02 -5.228787452803376201e-01 1.071371467242137721e+00
9.656551101663347902e-02 -4.590451910738672647e-01 1.068327646255137209e+00
9.656551101663347902e-02 -3.979400086720376040e-01 1.065796561374166451e+00
9.656551101663347902e-02 -3.467874862246563827e-01 1.063709686637124729e+00
9.656551101663347902e-02 -3.010299956639811980e-01 1.061994000335726662e+00
9.656551101663347902e-02 -2.596373105057561137e-01 1.060581773401991779e+00
9.656551101663347902e-02 -2.218487496163563943e-01 1.059414282032088428e+00
9.656551101663347902e-02 -1.870866433571444221e-01 1.058442407419664555e+00
9.656551101663347902e-02 -1.564557880543648305e-01 1.057625859283638503e+00
9.656551101663347902e-02 -1.249387366082999468e-01 1.056931931305682193e+00
9.656551101663347902e-02 -4.575749056067517084e-02 1.055346448852987340e+00
9.656551101663347902e-02 0.000000000000000000e+00 1.054537608118476966e+00
9.656551101663347902e-02 9.691001300805641983e-02 1.052841036460141932e+00
9.656551101663347902e-02 1.760912590556812374e-01 1.051219970502378143e+00
9.656551101663347902e-02 2.430380486862944445e-01 1.049559793507329530e+00
9.656551101663347902e-02 3.010299956639811980e-01 1.047938844267703562e+00
1.000000110265793496e-01 -2.000000000000000000e+00 1.093042038055585641e+00
1.000000110265793496e-01 -1.903089986991943539e+00 1.092892964827462787e+00
1.000000110265793496e-01 -1.602059991327962285e+00 1.092184497087117734e+00
1.000000110265793496e-01 -1.301029995663981254e+00 1.090485817409323710e+00
1.000000110265793496e-01 -1.124938736608299905e+00 1.088383161049297110e+00
1.000000110265793496e-01 -1.000000000000000000e+00 1.086041641685858705e+00
1.000000110265793496e-01 -9.030899869919435385e-01 1.083601080032208008e+00
1.000000110265793496e-01 -6.989700043360187465e-01 1.076563844925451763e+00
1.000000110265793496e-01 -6.020599913279623960e-01 1.072560676703555149e+00
1.000000110265793496e-01 -5.228787452803376201e-01 1.069237738281240579e+00
1.000000110265793496e-01 -4.590451910738672647e-01 1.066556066476970877e+00
1.000000110265793496e-01 -3.979400086720376040e-01 1.064426670228850069e+00
1.000000110265793496e-01 -3.467874862246563827e-01 1.062749658920695728e+00
1.000000110265793496e-01 -3.010299956639811980e-01 1.061432597416050783e+00
1.000000110265793496e-01 -2.596373105057561137e-01 1.060396708144703437e+00
1.000000110265793496e-01 -2.218487496163563943e-01 1.059577611480746029e+00
1.000000110265793496e-01 -1.870866433571444221e-01 1.058923830198734262e+00
1.000000110265793496e-01 -1.564557880543648305e-01 1.058394653949980668e+00
1.000000110265793496e-01 -1.249387366082999468e-01 1.057958056358696330e+00
1.000000110265793496e-01 -4.575749056067517084e-02 1.056978523377378965e+00
1.000000110265793496e-01 0.000000000000000000e+00 1.056452591899450066e+00
1.000000110265793496e-01 9.691001300805641983e-02 1.055143844231350103e+00
1.000000110265793496e-01 1.760912590556812374e-01 1.053620179741196150e+00
1.000000110265793496e-01 2.430380486862944445e-01 1.051941940494354633e+00
1.000000110265793496e-01 3.010299956639811980e-01 1.050311699202352012e+00